1	0.245518	3.193978	4.295766
2	0.265985	3.147059	4.368011
3	0.287461	3.166023	4.334864
4	0.231289	3.115396	4.210704
5	0.230105	3.153413	4.367873
6	0.290383	3.146428	4.338922
7	0.290444	3.066936	4.343623
8	0.218714	3.041804	4.232505
9	0.279242	3.133770	4.249108
10	0.266374	3.169008	4.336633
11	0.283888	3.113706	4.403451
12	0.274998	3.058927	4.264738
13	0.287156	3.129450	4.258178
14	0.261627	3.080176	4.392035
15	0.220925	3.190272	4.395965
16	0.215909	3.086520	4.289062
17	0.216465	3.167278	4.348709
18	0.260872	3.191652	4.334927
19	0.268663	3.158060	4.341521
20	0.238255	3.105189	4.390602
21	0.204439	3.114178	4.223816
22	0.232824	3.134950	4.406113
23	0.263802	3.113841	4.330992
24	0.248907	3.182326	4.369724
25	0.290928	3.146256	4.258536
26	0.240486	3.152511	4.297853
27	0.249416	3.164093	4.346452
28	0.261801	3.161216	4.345489
29	0.214064	3.156369	4.314762
30	0.247482	3.151035	4.283773
31	0.242043	3.127596	4.297104
32	0.278060	3.106499	4.315707
33	0.268153	3.075445	4.320822
34	0.256024	3.170905	4.355191
35	0.257549	3.095283	4.268088
36	0.192190	3.133977	4.271645
37	0.246173	3.157274	4.283608
38	0.222526	3.169550	4.308132
39	0.260815	3.107764	4.298518
40	0.245989	3.085220	4.262811
41	0.211190	3.185684	4.346247
42	0.246616	3.146645	4.280214
43	0.285514	3.065172	4.424154
44	0.242452	3.160805	4.384642
45	0.259804	3.158188	4.322263
46	0.231793	3.191106	4.285526
47	0.252876	3.152958	4.289408
48	0.244544	3.201710	4.368725
49	0.256928	3.151084	4.339745
50	0.249755	3.095929	4.234563
51	0.220890	3.173305	4.287227
52	0.248965	3.097439	4.290007
53	0.249047	3.079310	4.333570
54	0.241396	3.134512	4.287466
55	0.226535	3.164090	4.292733
56	0.244227	3.130983	4.356035
57	0.246524	3.137897	4.292848
58	0.263284	3.139027	4.278422
59	0.276539	3.004366	4.247182
60	0.226576	3.125982	4.289316
61	0.239198	3.120920	4.360346
62	0.240135	3.120158	4.281609
63	0.256755	3.066490	4.226534
64	0.207927	3.144836	4.273342
65	0.234707	3.088673	4.232609
66	0.223415	3.136716	4.371230
67	0.253296	3.133615	4.322289
68	0.207310	3.208629	4.314417
69	0.229920	3.107691	4.350463
70	0.248958	3.130823	4.314454
71	0.247155	3.117547	4.339931
72	0.250105	3.075452	4.291043
73	0.242171	3.196874	4.329376
74	0.253386	3.126190	4.334429
75	0.260536	3.180636	4.339060
76	0.291663	3.093219	4.299747
77	0.185815	3.131912	4.222381
78	0.275528	3.162353	4.277561
79	0.250111	3.113562	4.237355
80	0.229158	3.133549	4.303556
81	0.257397	3.120966	4.283111
82	0.230846	3.141088	4.333502
83	0.258584	3.122031	4.297513
84	0.256437	3.099136	4.255179
85	0.238363	3.183148	4.294445
86	0.255612	3.167767	4.348007
87	0.302922	3.082289	4.213628
88	0.245716	3.130413	4.287884
89	0.246200	3.176893	4.331005
90	0.259557	3.136005	4.345440
91	0.261717	3.122628	4.328547
92	0.243230	3.137714	4.297578
93	0.247568	3.106809	4.352964
94	0.249562	3.103140	4.328692
95	0.239228	3.158726	4.412135
96	0.281631	3.087770	4.301978
97	0.249876	3.187148	4.314460
98	0.251164	3.172520	4.345377
99	0.236655	3.122711	4.313298
100	0.275240	3.104215	4.244051
101	0.239885	3.133317	4.262298
102	0.241161	3.183253	4.331478
103	0.277427	3.163402	4.363790
104	0.213491	3.158313	4.384298
105	0.201298	3.267269	4.337722
106	0.255473	3.153296	4.307387
107	0.273976	3.119064	4.293678
108	0.271939	3.153840	4.359584
109	0.222483	3.072914	4.261781
110	0.222596	3.232475	4.315449
111	0.226606	3.040358	4.262937
112	0.239245	3.112299	4.310963
113	0.299573	3.059507	4.268639
114	0.237253	3.208282	4.299809
115	0.271791	3.106173	4.258702
116	0.256454	3.177376	4.304720
117	0.287476	3.095418	4.281767
118	0.224063	3.130183	4.285919
119	0.217085	3.156372	4.325517
120	0.235703	3.104777	4.338796
121	0.262208	3.135600	4.274580
122	0.231545	3.123859	4.290695
123	0.293870	3.098482	4.324914
124	0.238451	3.126620	4.289636
125	0.236834	3.118581	4.304505
126	0.244438	3.110351	4.318249
127	0.228953	3.132129	4.249380
128	0.233758	3.170351	4.319679
129	0.259904	3.086100	4.256177
130	0.187166	3.215005	4.299233
131	0.209295	3.193263	4.305438
132	0.237064	3.111980	4.367533
133	0.266826	3.091037	4.280833
134	0.237050	3.183000	4.312863
135	0.229053	3.150363	4.345378
136	0.303862	3.136559	4.338126
137	0.281444	3.139512	4.343816
138	0.238927	3.173283	4.355632
139	0.213405	3.141455	4.383793
140	0.200008	3.146320	4.378632
141	0.242852	3.149488	4.297374
142	0.237924	3.158451	4.337680
143	0.283071	3.107625	4.329784
144	0.231124	3.136608	4.273712
145	0.247885	3.128178	4.281266
146	0.246406	3.075868	4.325919
147	0.210197	3.177471	4.303503
148	0.272755	3.165790	4.313807
149	0.281280	3.158428	4.312043
150	0.288739	3.147606	4.269772
151	0.248893	3.139812	4.351876
152	0.244290	3.149432	4.293542
153	0.208347	3.182560	4.319861
154	0.249844	3.143231	4.371929
155	0.259853	3.104076	4.285700
156	0.216511	3.141721	4.335151
157	0.263764	3.103113	4.379977
158	0.232199	3.135641	4.236338
159	0.238181	3.075416	4.376237
160	0.237689	3.136742	4.324915
161	0.266894	3.142864	4.265933
162	0.229871	3.178292	4.409458
163	0.265646	3.159684	4.254883
164	0.241975	3.099271	4.413654
165	0.212725	3.172967	4.316703
166	0.251075	3.110220	4.298557
167	0.266386	3.112713	4.346941
168	0.277668	3.109178	4.356567
169	0.258548	3.142307	4.249524
170	0.234524	3.129359	4.285351
171	0.177240	3.166886	4.277042
172	0.277036	3.162502	4.314104
173	0.186492	3.153206	4.217940
174	0.184314	3.133672	4.244191
175	0.229409	3.119903	4.248865
176	0.222556	3.194224	4.265449
177	0.250306	3.214443	4.377103
178	0.241860	3.134488	4.351691
179	0.307321	3.008369	4.198583
180	0.240824	3.139979	4.278110
181	0.236047	3.130115	4.369112
182	0.207350	3.031958	4.209494
183	0.251714	3.167463	4.345178
184	0.235642	3.109643	4.346199
185	0.213542	3.131808	4.282223
186	0.228943	3.097726	4.247029
187	0.270447	3.118444	4.395437
188	0.301143	3.199908	4.323464
189	0.228627	3.095008	4.335193
190	0.234036	3.197747	4.292853
191	0.240623	3.167464	4.308311
192	0.237490	3.034896	4.216929
193	0.242722	3.074007	4.308427
194	0.272408	3.104496	4.350637
195	0.243929	3.162953	4.252333
196	0.204523	3.154470	4.354237
197	0.262327	3.173739	4.293139
198	0.195325	3.074791	4.208281
199	0.237410	3.085785	4.233875
200	0.208478	3.191917	4.372807
201	0.248693	3.106198	4.286797
202	0.276017	3.136219	4.352957
203	0.254338	3.103939	4.356889
204	0.233476	3.086314	4.333588
205	0.258758	3.133094	4.315829
206	0.257505	3.080225	4.228074
207	0.248402	3.132835	4.219876
208	0.272486	3.135052	4.267168
209	0.245283	3.132811	4.384075
210	0.230705	3.164611	4.329957
211	0.240990	3.139424	4.300720
212	0.299294	3.125009	4.344290
213	0.206915	3.155368	4.265055
214	0.248686	3.145055	4.310353
215	0.238807	3.124510	4.247188
216	0.237934	3.119387	4.248642
217	0.219768	3.224027	4.408139
218	0.313217	3.081685	4.371721
219	0.261435	3.153315	4.357269
220	0.254322	3.103810	4.233950
221	0.247151	3.166718	4.345773
222	0.273599	3.100516	4.293781
223	0.190036	3.163596	4.329033
224	0.261387	3.097306	4.307388
225	0.225479	3.115482	4.395148
226	0.219082	3.172292	4.268678
227	0.199973	3.220513	4.299380
228	0.246719	3.180578	4.393210
229	0.255237	3.081636	4.312480
230	0.253807	3.203036	4.392584
231	0.253186	3.215637	4.373076
232	0.228186	3.163986	4.291681
233	0.208970	3.168837	4.269172
234	0.199145	3.097677	4.296691
235	0.210591	3.082896	4.356879
236	0.237091	3.181585	4.385998
237	0.244565	3.093905	4.257769
238	0.253521	3.122480	4.265287
239	0.221594	3.126250	4.299818
240	0.247140	3.186544	4.378804
241	0.261900	3.090722	4.348263
242	0.291383	3.208642	4.285144
243	0.298181	3.200938	4.417282
244	0.241984	3.095702	4.280432
245	0.265908	3.188935	4.313187
246	0.271764	3.096019	4.311584
247	0.281460	3.147062	4.268437
248	0.267505	3.071372	4.266875
249	0.292485	3.058532	4.341891
250	0.228234	3.149599	4.310796
251	0.223247	3.090788	4.344091
252	0.258635	3.037113	4.377009
253	0.367353	3.102303	4.415935
254	0.219719	3.120057	4.267539
255	0.270768	3.149936	4.313193
256	0.264123	3.104944	4.294142
257	0.221311	3.120017	4.292102
258	0.231867	3.161313	4.258639
259	0.208556	3.163316	4.389531
260	0.287295	3.061731	4.279323
261	0.240833	3.184158	4.323583
262	0.284685	3.145991	4.429944
263	0.232854	3.176568	4.280212
264	0.235750	3.124958	4.255892
265	0.213748	3.240794	4.349785
266	0.257310	3.142314	4.283380
267	0.245176	3.105986	4.282854
268	0.234026	3.140431	4.348204
269	0.234210	3.078516	4.264187
270	0.309898	3.065849	4.311044
271	0.217087	3.125109	4.247577
272	0.266264	3.213230	4.262519
273	0.223202	3.156499	4.354335
274	0.246272	3.260772	4.303995
275	0.270053	3.160801	4.297033
276	0.212404	3.173901	4.283748
277	0.220657	3.076697	4.324137
278	0.200575	3.158679	4.314081
279	0.252670	3.130109	4.252441
280	0.217598	3.115447	4.332198
281	0.251471	3.134568	4.261558
282	0.251967	3.144328	4.277954
283	0.271295	3.079533	4.355805
284	0.248565	3.053773	4.353626
285	0.244961	3.167705	4.337254
286	0.269074	3.050780	4.251439
287	0.218555	3.089632	4.344153
288	0.218291	3.156468	4.262891
289	0.223441	3.154835	4.310409
290	0.238896	3.089987	4.339160
291	0.258050	3.097797	4.291431
292	0.263988	3.133813	4.268937
293	0.287446	3.029804	4.260772
294	0.220866	3.173114	4.344957
295	0.217992	3.142593	4.353534
296	0.191278	3.147895	4.284948
297	0.203688	3.135413	4.272091
298	0.231975	3.172488	4.325495
299	0.222894	3.120452	4.305663
300	0.234169	3.115114	4.276444
301	0.252424	3.102074	4.352647
302	0.219463	3.151199	4.345200
303	0.267623	3.169807	4.387335
304	0.215471	3.157395	4.431126
305	0.221998	3.102267	4.216009
306	0.207564	3.120128	4.311965
307	0.241809	3.153704	4.347863
308	0.275236	3.124157	4.338788
309	0.251698	3.165979	4.260390
310	0.265878	3.185749	4.345053
311	0.225615	3.205330	4.416402
312	0.244325	3.162171	4.277878
313	0.262947	3.127998	4.271736
314	0.182546	3.084362	4.313003
315	0.221986	3.096780	4.305228
316	0.254186	3.132092	4.320248
317	0.293542	3.159407	4.384645
318	0.232615	3.157850	4.307015
319	0.269955	3.116016	4.270859
320	0.223997	3.185520	4.285710
321	0.297885	3.151594	4.309328
322	0.238641	3.189138	4.296249
323	0.251537	3.071930	4.312745
324	0.282919	3.119084	4.375424
325	0.256277	3.112832	4.317415
326	0.263240	3.187633	4.364438
327	0.230220	3.224191	4.281187
328	0.249648	3.148231	4.273504
329	0.265026	3.096237	4.279127
330	0.244470	3.093496	4.263282
331	0.240788	3.157494	4.374404
332	0.258147	3.124514	4.374283
333	0.243943	3.076918	4.247071
334	0.247623	3.127740	4.310717
335	0.250622	3.086763	4.281959
336	0.198589	3.160660	4.342009
337	0.273871	3.179099	4.320451
338	0.288058	3.077601	4.316115
339	0.265332	3.069748	4.302467
340	0.271810	3.209606	4.306075
341	0.296053	3.198081	4.410218
342	0.239074	3.145105	4.303571
343	0.222672	3.154468	4.300755
344	0.226774	3.143652	4.278380
345	0.197135	3.199518	4.347621
346	0.236237	3.152698	4.338258
347	0.232337	3.175660	4.353238
348	0.284221	3.091717	4.297459
349	0.301988	3.149571	4.302036
350	0.256137	3.145456	4.345576
351	0.259517	3.087578	4.312595
352	0.244873	3.191722	4.415701
353	0.244985	3.167122	4.280867
354	0.249411	3.138411	4.330711
355	0.244145	3.186665	4.313968
356	0.225241	3.080819	4.284165
357	0.266777	3.068465	4.268211
358	0.262076	3.125465	4.287573
359	0.235246	3.070317	4.257637
360	0.243508	3.160017	4.385655
361	0.290399	3.157620	4.342257
362	0.245121	3.084297	4.295404
363	0.289341	3.133997	4.282509
364	0.263058	3.120327	4.241794
365	0.220225	3.146315	4.305888
366	0.270767	3.140947	4.238477
367	0.305408	3.069473	4.281071
368	0.250524	3.145360	4.238748
369	0.163183	3.149227	4.305747
370	0.243942	3.149030	4.323525
371	0.294058	3.128628	4.323487
372	0.223432	3.046173	4.247923
373	0.224442	3.187374	4.268252
374	0.264892	3.121058	4.340069
375	0.227309	3.121378	4.318728
376	0.204834	3.231277	4.268919
377	0.273589	3.201475	4.389734
378	0.258298	3.174507	4.435736
379	0.285423	3.095629	4.243357
380	0.284967	3.121315	4.303417
381	0.282465	3.151779	4.273246
382	0.221543	3.169654	4.302331
383	0.246715	3.139084	4.353821
384	0.275528	3.096409	4.361062
385	0.258378	3.094288	4.360633
386	0.256540	3.110128	4.338590
387	0.240689	3.167821	4.322585
388	0.244771	3.110611	4.344594
389	0.259104	3.159963	4.296160
390	0.285961	3.149371	4.329941
391	0.224022	3.060246	4.285855
392	0.240978	3.090876	4.216344
393	0.242098	3.152323	4.256545
394	0.263200	3.183668	4.360418
395	0.216770	3.153353	4.372623
396	0.248591	3.116961	4.307067
397	0.254596	3.118774	4.309273
398	0.267116	3.070066	4.203665
399	0.243763	3.104788	4.315663
400	0.243209	3.222934	4.296160
401	0.265906	3.104577	4.279847
402	0.258668	3.078944	4.314601
403	0.255554	3.119535	4.358953
404	0.247576	3.136005	4.310299
405	0.248434	3.124011	4.356761
406	0.275801	3.197300	4.350466
407	0.257442	3.164190	4.305624
408	0.245241	3.137474	4.304832
409	0.235474	3.180230	4.300418
410	0.304411	3.072179	4.319615
411	0.285984	3.106668	4.316638
412	0.228128	3.221290	4.293057
413	0.243142	3.145796	4.306526
414	0.259036	3.150280	4.347131
415	0.212268	3.101135	4.285823
416	0.287303	3.181762	4.390352
417	0.247022	3.059404	4.308867
418	0.238675	3.088872	4.336767
419	0.259431	3.112966	4.271777
420	0.220713	3.095409	4.253707
421	0.272343	3.166585	4.379022
422	0.251801	3.144554	4.308465
423	0.209502	3.239841	4.286762
424	0.270520	3.200505	4.377499
425	0.247992	3.119300	4.333788
426	0.232922	3.173865	4.318647
427	0.219571	3.134499	4.346227
428	0.257571	3.053431	4.303845
429	0.260148	3.156528	4.277186
430	0.257731	3.137090	4.411592
431	0.250752	3.149125	4.320988
432	0.220328	3.068987	4.234981
433	0.244065	3.110173	4.382698
434	0.263250	3.158019	4.299756
435	0.262991	3.102307	4.315114
436	0.213209	3.167237	4.344634
437	0.268009	3.181691	4.328685
438	0.228698	3.164410	4.330972
439	0.269318	3.184307	4.310947
440	0.243549	3.141151	4.270227
441	0.268066	3.133265	4.279291
442	0.235544	3.135529	4.289445
443	0.249766	3.185957	4.401333
444	0.218968	3.210344	4.298620
445	0.237700	3.177873	4.303220
446	0.274747	3.177216	4.290062
447	0.221269	3.206889	4.277780
448	0.248219	3.196173	4.335077
449	0.217456	3.142364	4.297003
450	0.302225	3.184551	4.285105
451	0.236220	3.093889	4.314600
452	0.225353	3.200554	4.292882
453	0.242659	3.194396	4.365138
454	0.268224	3.168262	4.312689
455	0.250660	3.179365	4.330890
456	0.234831	3.093699	4.251644
457	0.229944	3.166325	4.301169
458	0.240567	3.012139	4.264147
459	0.246440	3.094884	4.323621
460	0.228949	3.166769	4.446507
461	0.228582	3.193621	4.305008
462	0.189184	3.116715	4.274246
463	0.253814	3.127744	4.311496
464	0.261134	3.191874	4.351310
465	0.280971	3.113296	4.260855
466	0.281456	3.079757	4.310330
467	0.251290	3.098707	4.300502
468	0.178079	3.180844	4.257365
469	0.279308	3.125476	4.341118
470	0.257071	3.152778	4.356848
471	0.269581	3.098089	4.219408
472	0.236297	3.114842	4.346460
473	0.258320	3.089419	4.329284
474	0.232233	3.163805	4.362254
475	0.225414	3.129562	4.248459
476	0.235006	3.152584	4.283588
477	0.286618	3.123472	4.266281
478	0.246662	3.185944	4.439559
479	0.249666	3.181468	4.315173
480	0.270787	3.130647	4.355479
481	0.253196	3.095618	4.357816
482	0.251454	3.163799	4.351545
483	0.267854	3.152065	4.350013
484	0.225322	3.180128	4.289209
485	0.270624	3.142177	4.278277
486	0.280588	3.097570	4.293741
487	0.239812	3.087038	4.287408
488	0.238577	3.114874	4.227389
489	0.258285	3.178766	4.397313
490	0.252747	3.218393	4.412284
491	0.290648	3.085092	4.278804
492	0.249167	3.110880	4.280410
493	0.237500	3.171064	4.345571
494	0.288927	3.173856	4.319617
495	0.239578	3.072352	4.269188
496	0.249239	3.137487	4.271964
497	0.269254	3.090056	4.305298
498	0.241707	3.186465	4.296722
499	0.254205	3.081337	4.232270
500	0.283037	3.123075	4.342732
